1024 35 129832777155763510910609656130991031491287088632179570575154437436844080188526917264959742943640291347917777471823478276834005773137742692289642389456373405802439158967577949254382503564638912013703520083585401322720459408809520244438356737474823607393156203271109714446936818775648984614869523681652933074243 olh@Smirnow
1024 33 130191317312309884622185478408198329447783117641433140545231937628244234626973441138309547474811115993079766196523382424491943182027314185774428496817006182168882180101610472860713875107711678982805918377251871545658148116868657485026584304076741619337131077402312738576482413774795391199759097002655739708041 kskaem@heron
1024 35 112961952704054747469251346201915814815972235386386587899818549467327974356862497915150845655088921501168202173056224687097591529196805981197377271814175251485147605409501465020652133786672811375303491794350223676990000104991290980438869512137566917590486975601068220276617015352883054954365623385257363598291 sh@snell
1024 35 133741610869176786405342814977470758146516865504135044368684745199913079976969512858906253242191011635912510480096210307323430939248048274256252133962592608600074947596467610735974827819608385504523535031821705099190783893827648302463589542324634665156332161684902419164734518567659576384352582251601477961717 mike@steiner
1024 37 122819357422187618497494965487709663047869190452849966688756370348372570562084487078005618513210588724249808068634374914840431109024757470159055903505642757299218158866304244743137390592203435934789669278371095231748987838191364859007031105901332873214770099827632470933757053900269866005598332503454625752741 gs@sturm
1024 35 121660071014897610772056621217737932311135159928465186858839038769098752338919528017873558829461032121034482565996439164176975819111801254101566198271302723196966424550205449432871155334332744711192248186695342290129834855966911502724885035918437621857386818768408694567580432595505332783005369620982471503649 schubi@waerden
1024 35 124604486338865933981151399948761414453896687843561904755509857320674546210924603706143435182489652854778495885697912729005959150582929483222130392819948269035142365049676730425470707346298976418193997796625206000500146584682261522546524837064994156984806270141645520411715418047924806069110600063772332242091 arvin@suse.de
1024 35 137301650778417463513413083087669041395025922738761979884521765518683189986665888398658511480012530751748098024133982428456806354451469593746518996072315678084765253794858545523185154814234285962569349154035021090022308129156861861176375252121833384426670802239786258599066187881533244309294024677008834532619 snwint@metcalf
1024 37 143284010221163213225997039295760914858277108985033382311756232764670021996554312798733368719374457973163586412796406212753268280599568395529166940117242139303771793535345077791964576063834648023433078665602259627081522864351624341725825800752870804015817537315574702815039231987809731413151141697023279387203 fehr@Lagrange
1024 35 120722697066623539419953524792968725170630651599378188141546948714932598018756061970257727776919671970418156456420377230209403186104673339128644486186518136879332529498924643260081940273952854673705045870607437113086581942849483620284720345315863607501243010856531532120325838862631025038347004356104195104971 poeml@hipparchos
